52
199 416 256 549 0
248 464 321 607 0
360 437 431 590 0
32 482 96 605 0
106 407 163 549 0
78 402 117 522 0
250 287 286 402 0
366 298 410 418 0
405 328 436 414 0
483 303 512 371 0
483 200 523 274 0
466 240 501 328 0
164 123 200 185 0
69 264 106 352 0
127 241 164 292 0
248 252 279 292 0
269 245 293 289 0
296 255 328 360 0
317 274 358 388 0
357 239 385 264 0
356 261 379 303 0
364 281 390 332 0
402 261 440 311 0
397 282 430 331 0
422 240 450 304 0
439 244 462 340 0
435 212 459 245 0
453 199 478 248 0
461 159 487 213 0
482 124 507 183 0
418 152 454 204 0
397 199 425 275 0
519 144 546 205 0
545 117 573 169 0
567 104 588 163 0
587 65 607 122 0
565 76 582 108 0
559 52 579 89 0
518 38 540 81 0
519 84 537 132 0
542 98 560 128 0
507 100 524 154 0
497 83 516 130 0
451 101 474 159 0
400 162 425 196 0
353 204 379 243 0
332 214 360 246 0
481 44 506 93 0
506 47 524 87 0
488 18 508 59 0
464 47 487 92 0
441 55 457 103 0
