50
291 459 340 575 0
345 479 386 600 0
385 509 414 592 0
460 478 488 553 0
446 421 477 516 0
463 380 504 464 0
501 325 519 382 0
528 300 551 362 0
564 336 583 374 0
567 251 593 313 0
539 230 556 264 0
542 260 562 290 0
548 286 565 341 0
523 281 540 301 0
516 274 530 315 0
500 271 515 315 0
498 223 519 262 0
488 230 503 273 0
478 266 491 309 0
484 281 503 333 0
459 304 485 363 0
464 224 481 272 0
447 228 465 276 0
377 465 408 514 0
390 443 413 494 0
400 422 420 479 0
417 428 437 469 0
415 392 442 436 0
431 379 456 421 0
443 342 468 386 0
399 336 429 378 0
376 334 403 367 0
369 352 389 381 0
378 381 404 452 0
334 441 361 486 0
340 417 367 452 0
233 467 263 583 0
220 431 247 468 0
246 427 275 512 0
109 425 146 465 0
42 445 87 535 0
139 307 176 367 0
431 286 451 345 0
417 243 434 290 0
412 302 433 335 0
333 386 358 424 0
311 395 337 426 0
300 436 316 458 0
311 432 340 464 0
269 442 307 545 0
