0 0.8799715909090909 0.37083333333333335 0.19176136363636365 0.4583333333333333
0 0.31960227272727276 0.35 0.1534090909090909 0.2375
0 0.1590909090909091 0.4635416666666667 0.17329545454545456 0.28541666666666665
0 0.08806818181818182 0.5697916666666667 0.16193181818181818 0.3729166666666667
0 0.1669034090909091 0.284375 0.09517045454545454 0.18125
0 0.19886363636363638 0.178125 0.07386363636363637 0.09791666666666667
0 0.35014204545454547 0.15625 0.05823863636363637 0.10833333333333334
0 0.43323863636363635 0.253125 0.13068181818181818 0.23541666666666666
0 0.5177556818181819 0.18958333333333333 0.08948863636363637 0.15416666666666667
0 0.6235795454545455 0.15729166666666666 0.06534090909090909 0.11875
0 0.6519886363636364 0.11875 0.05397727272727273 0.125
0 0.5532670454545455 0.059375 0.06392045454545454 0.08958333333333333
0 0.48011363636363635 0.08333333333333333 0.04261363636363637 0.09166666666666666
0 0.5617897727272727 0.13645833333333332 0.05823863636363637 0.13125
0 0.4453125 0.09375 0.046875 0.075
0 0.40340909090909094 0.1125 0.048295454545454544 0.07916666666666666
0 0.6498579545454546 0.042708333333333334 0.04403409090909091 0.05625
0 0.7272727272727273 0.09895833333333333 0.03125 0.08541666666666667
