0 0.5189144736842105 0.850328947368421 0.0805921052631579 0.1907894736842105
0 0.6011513157894737 0.8873355263157894 0.06743421052631579 0.19901315789473684
0 0.6570723684210525 0.9054276315789473 0.04769736842105263 0.13651315789473684
0 0.7796052631578947 0.8478618421052632 0.046052631578947366 0.12335526315789473
0 0.7590460526315789 0.7705592105263157 0.05098684210526316 0.15625
0 0.7952302631578947 0.694078947368421 0.06743421052631579 0.1381578947368421
0 0.8388157894736842 0.5814144736842105 0.029605263157894735 0.09375
0 0.8873355263157894 0.544407894736842 0.03782894736842105 0.10197368421052631
0 0.9432565789473684 0.5838815789473684 0.03125 0.0625
0 0.9539473684210525 0.4638157894736842 0.042763157894736836 0.10197368421052631
0 0.9004934210526315 0.40625 0.02796052631578947 0.05592105263157894
0 0.9078947368421052 0.45230263157894735 0.03289473684210526 0.049342105263157895
0 0.9152960526315789 0.515625 0.02796052631578947 0.09046052631578946
0 0.8741776315789473 0.4786184210526315 0.02796052631578947 0.03289473684210526
0 0.8601973684210525 0.484375 0.023026315789473683 0.06743421052631579
0 0.834703947368421 0.4819078947368421 0.024671052631578948 0.07236842105263158
0 0.8363486842105262 0.39884868421052627 0.03453947368421052 0.06414473684210525
0 0.8149671052631579 0.4136513157894737 0.024671052631578948 0.07072368421052631
0 0.796875 0.4728618421052631 0.021381578947368418 0.07072368421052631
0 0.8116776315789473 0.5049342105263157 0.03125 0.08552631578947367
0 0.7763157894736842 0.5485197368421052 0.042763157894736836 0.09703947368421052
0 0.7771381578947368 0.40789473684210525 0.02796052631578947 0.07894736842105263
0 0.75 0.41447368421052627 0.029605263157894735 0.07894736842105263
0 0.6455592105263157 0.8050986842105262 0.05098684210526316 0.0805921052631579
0 0.6603618421052632 0.7705592105263157 0.03782894736842105 0.08388157894736842
0 0.6743421052631579 0.740953947368421 0.03289473684210526 0.09375
0 0.7023026315789473 0.7376644736842105 0.03289473684210526 0.06743421052631579
0 0.7047697368421052 0.6809210526315789 0.044407894736842105 0.07236842105263158
0 0.7294407894736842 0.6578947368421052 0.041118421052631575 0.06907894736842105
0 0.7491776315789473 0.5986842105263157 0.041118421052631575 0.07236842105263158
0 0.6809210526315789 0.5871710526315789 0.049342105263157895 0.06907894736842105
0 0.640625 0.5764802631578947 0.044407894736842105 0.05427631578947368
0 0.6233552631578947 0.6027960526315789 0.03289473684210526 0.04769736842105263
0 0.6430921052631579 0.685032894736842 0.042763157894736836 0.11677631578947367
0 0.5715460526315789 0.7623355263157894 0.044407894736842105 0.07401315789473684
0 0.5814144736842105 0.7146381578947368 0.044407894736842105 0.05756578947368421
0 0.40789473684210525 0.8634868421052632 0.049342105263157895 0.1907894736842105
0 0.3840460526315789 0.7393092105263157 0.044407894736842105 0.06085526315789473
0 0.428453947368421 0.772203947368421 0.04769736842105263 0.13980263157894737
0 0.20970394736842105 0.731907894736842 0.06085526315789473 0.06578947368421052
0 0.10608552631578946 0.8059210526315789 0.07401315789473684 0.14802631578947367
0 0.2590460526315789 0.5542763157894737 0.06085526315789473 0.09868421052631579
0 0.725328947368421 0.5189144736842105 0.03289473684210526 0.09703947368421052
0 0.6998355263157894 0.4383223684210526 0.02796052631578947 0.07730263157894736
0 0.6949013157894737 0.5238486842105263 0.03453947368421052 0.05427631578947368
0 0.5682565789473684 0.6661184210526315 0.041118421052631575 0.0625
0 0.5328947368421052 0.6751644736842105 0.042763157894736836 0.05098684210526316
0 0.506578947368421 0.7351973684210525 0.02631578947368421 0.03618421052631579
0 0.5353618421052632 0.7368421052631579 0.04769736842105263 0.05263157894736842
0 0.47368421052631576 0.8116776315789473 0.0625 0.1694078947368421
