0 0.37417763157894735 0.7935855263157894 0.09375 0.21875
0 0.46792763157894735 0.8807565789473684 0.12006578947368421 0.23519736842105263
0 0.6504934210526315 0.8445723684210525 0.11677631578947367 0.25164473684210525
0 0.10526315789473684 0.8939144736842105 0.10526315789473684 0.20230263157894735
0 0.22121710526315788 0.7861842105263157 0.09375 0.23355263157894735
0 0.16036184210526314 0.7598684210526315 0.06414473684210525 0.19736842105263158
0 0.4407894736842105 0.5666118421052632 0.05921052631578947 0.18914473684210525
0 0.638157894736842 0.5888157894736842 0.07236842105263158 0.19736842105263158
0 0.6916118421052632 0.6101973684210525 0.05098684210526316 0.14144736842105263
0 0.8182565789473684 0.5542763157894737 0.04769736842105263 0.11184210526315788
0 0.8273026315789473 0.38980263157894735 0.06578947368421052 0.12171052631578946
0 0.7952302631578947 0.4671052631578947 0.05756578947368421 0.14473684210526316
0 0.29934210526315785 0.2532894736842105 0.05921052631578947 0.10197368421052631
0 0.1439144736842105 0.506578947368421 0.06085526315789473 0.14473684210526316
0 0.23930921052631576 0.4383223684210526 0.06085526315789473 0.08388157894736842
0 0.43338815789473684 0.4473684210526315 0.05098684210526316 0.06578947368421052
0 0.4621710526315789 0.43914473684210525 0.039473684210526314 0.07236842105263158
0 0.513157894736842 0.5057565789473684 0.05263157894736842 0.17269736842105263
0 0.5550986842105263 0.544407894736842 0.06743421052631579 0.1875
0 0.6101973684210525 0.4136513157894737 0.046052631578947366 0.041118421052631575
0 0.6044407894736842 0.4638157894736842 0.03782894736842105 0.06907894736842105
0 0.6200657894736842 0.5041118421052632 0.042763157894736836 0.08388157894736842
0 0.6924342105263157 0.47039473684210525 0.0625 0.08223684210526315
0 0.6800986842105263 0.5041118421052632 0.05427631578947368 0.0805921052631579
0 0.7171052631578947 0.4473684210526315 0.046052631578947366 0.10526315789473684
0 0.740953947368421 0.48026315789473684 0.03782894736842105 0.15789473684210525
0 0.7351973684210525 0.3758223684210526 0.039473684210526314 0.05427631578947368
0 0.765625 0.36759868421052627 0.041118421052631575 0.0805921052631579
0 0.7796052631578947 0.3059210526315789 0.042763157894736836 0.08881578947368421
0 0.8133223684210525 0.25246710526315785 0.041118421052631575 0.09703947368421052
0 0.7171052631578947 0.29276315789473684 0.05921052631578947 0.08552631578947367
0 0.6759868421052632 0.38980263157894735 0.046052631578947366 0.125
0 0.8758223684210525 0.2870065789473684 0.044407894736842105 0.10032894736842105
0 0.919407894736842 0.23519736842105263 0.046052631578947366 0.08552631578947367
0 0.9498355263157894 0.21957236842105263 0.03453947368421052 0.09703947368421052
0 0.981907894736842 0.1537828947368421 0.03289473684210526 0.09375
0 0.9432565789473684 0.1513157894736842 0.02796052631578947 0.05263157894736842
0 0.9358552631578947 0.11595394736842105 0.03289473684210526 0.06085526315789473
0 0.8700657894736842 0.09786184210526315 0.03618421052631579 0.07072368421052631
0 0.8684210526315789 0.17763157894736842 0.029605263157894735 0.07894736842105263
0 0.90625 0.18585526315789472 0.029605263157894735 0.049342105263157895
0 0.8478618421052632 0.20888157894736842 0.02796052631578947 0.08881578947368421
0 0.8330592105263157 0.1751644736842105 0.03125 0.07730263157894736
0 0.7606907894736842 0.2138157894736842 0.03782894736842105 0.09539473684210525
0 0.678453947368421 0.2944078947368421 0.041118421052631575 0.05592105263157894
0 0.6019736842105263 0.36759868421052627 0.042763157894736836 0.06414473684210525
0 0.569078947368421 0.3782894736842105 0.046052631578947366 0.05263157894736842
0 0.8116776315789473 0.11266447368421052 0.041118421052631575 0.0805921052631579
0 0.8470394736842105 0.11019736842105263 0.029605263157894735 0.06578947368421052
0 0.819078947368421 0.06332236842105263 0.03289473684210526 0.06743421052631579
0 0.7820723684210525 0.11430921052631578 0.03782894736842105 0.07401315789473684
0 0.7384868421052632 0.1299342105263158 0.02631578947368421 0.07894736842105263
