0 0.7993421052631579 0.45476973684210525 0.05263157894736842 0.1299342105263158
0 0.8297697368421052 0.412828947368421 0.05098684210526316 0.13157894736842105
0 0.9539473684210525 0.4917763157894737 0.042763157894736836 0.1282894736842105
0 0.703125 0.8511513157894737 0.08388157894736842 0.24835526315789472
0 0.9029605263157894 0.8873355263157894 0.06578947368421052 0.20559210526315788
0 0.3289473684210526 0.8733552631578947 0.08223684210526315 0.2269736842105263
0 0.1669407894736842 0.5838815789473684 0.06414473684210525 0.15789473684210525
0 0.25164473684210525 0.5353618421052632 0.05263157894736842 0.06743421052631579
0 0.31167763157894735 0.5435855263157895 0.041118421052631575 0.06414473684210525
0 0.056743421052631575 0.2763157894736842 0.041118421052631575 0.09868421052631579
0 0.023026315789473683 0.33634868421052627 0.02631578947368421 0.08717105263157894
0 0.12417763157894736 0.5205592105263157 0.03453947368421052 0.06085526315789473
0 0.15789473684210525 0.49671052631578944 0.02631578947368421 0.029605263157894735
0 0.18421052631578946 0.4950657894736842 0.03289473684210526 0.046052631578947366
0 0.018914473684210526 0.28289473684210525 0.024671052631578948 0.02631578947368421
0 0.018914473684210526 0.2598684210526316 0.021381578947368418 0.029605263157894735
0 0.015625 0.22121710526315788 0.024671052631578948 0.03782894736842105
