0 0.919407894736842 0.453125 0.1282894736842105 0.14638157894736842
0 0.9185855263157894 0.3355263157894737 0.10361842105263157 0.09539473684210525
0 0.6496710526315789 0.29605263157894735 0.13157894736842105 0.09539473684210525
0 0.6949013157894737 0.22779605263157893 0.06085526315789473 0.041118421052631575
0 0.819078947368421 0.2269736842105263 0.049342105263157895 0.02631578947368421
0 0.8289473684210525 0.18832236842105263 0.0625 0.06085526315789473
0 0.96875 0.23026315789473684 0.05921052631578947 0.05263157894736842
0 0.6768092105263157 0.19983552631578946 0.06085526315789473 0.04769736842105263
0 0.5090460526315789 0.22532894736842105 0.06085526315789473 0.07894736842105263
0 0.5435855263157895 0.16776315789473684 0.041118421052631575 0.049342105263157895
0 0.39473684210526316 0.36184210526315785 0.11184210526315788 0.10197368421052631
0 0.29523026315789475 0.4407894736842105 0.12664473684210525 0.11842105263157894
0 0.12335526315789473 0.7113486842105263 0.22039473684210525 0.16611842105263158
0 0.37171052631578944 0.25411184210526316 0.042763157894736836 0.05756578947368421
0 0.6990131578947368 0.1644736842105263 0.046052631578947366 0.049342105263157895
0 0.9333881578947368 0.2138157894736842 0.05098684210526316 0.0625
