0 0.9235197368421052 0.5271381578947368 0.1299342105263158 0.1332236842105263
0 0.7664473684210525 0.43667763157894735 0.14144736842105263 0.13980263157894737
0 0.6521381578947368 0.3314144736842105 0.06085526315789473 0.05427631578947368
0 0.7286184210526315 0.3001644736842105 0.06578947368421052 0.06743421052631579
0 0.5822368421052632 0.22286184210526314 0.039473684210526314 0.04769736842105263
0 0.5296052631578947 0.30180921052631576 0.0625 0.0805921052631579
0 0.23848684210526314 0.35197368421052627 0.08881578947368421 0.14473684210526316
0 0.31661184210526316 0.350328947368421 0.06414473684210525 0.06907894736842105
0 0.397203947368421 0.26398026315789475 0.044407894736842105 0.10032894736842105
0 0.11513157894736842 0.4194078947368421 0.08223684210526315 0.05921052631578947
0 0.06414473684210525 0.390625 0.046052631578947366 0.05756578947368421
0 0.12582236842105263 0.33223684210526316 0.04769736842105263 0.03289473684210526
