0 0.36759868421052627 0.7129934210526315 0.1694078947368421 0.1825657894736842
0 0.1669407894736842 0.5386513157894737 0.11019736842105263 0.12664473684210525
0 0.29851973684210525 0.48601973684210525 0.06085526315789473 0.1299342105263158
0 0.3470394736842105 0.5682565789473684 0.09210526315789473 0.13651315789473684
0 0.43667763157894735 0.522203947368421 0.09375 0.16282894736842105
0 0.5929276315789473 0.5879934210526315 0.11348684210526315 0.1825657894736842
0 0.6348684210526315 0.45476973684210525 0.08552631578947367 0.09703947368421052
0 0.734375 0.4942434210526315 0.0805921052631579 0.07730263157894736
0 0.669407894736842 0.4350328947368421 0.05921052631578947 0.0805921052631579
0 0.825657894736842 0.4169407894736842 0.046052631578947366 0.06085526315789473
0 0.9786184210526315 0.4588815789473684 0.03618421052631579 0.15789473684210525
