0 0.3824013157894737 0.4572368421052631 0.1595394736842105 0.17763157894736842
0 0.7039473684210525 0.37993421052631576 0.125 0.1513157894736842
0 0.8996710526315789 0.5411184210526315 0.17763157894736842 0.27960526315789475
0 0.15542763157894737 0.45559210526315785 0.14638157894736842 0.17763157894736842
0 0.09046052631578946 0.6702302631578947 0.15460526315789472 0.26809210526315785
0 0.02549342105263158 0.34868421052631576 0.03782894736842105 0.06578947368421052
0 0.060032894736842105 0.30921052631578944 0.04769736842105263 0.07236842105263158
0 0.09210526315789473 0.2820723684210526 0.042763157894736836 0.05427631578947368
0 0.2162828947368421 0.3314144736842105 0.09703947368421052 0.14967105263157893
0 0.3256578947368421 0.2376644736842105 0.0625 0.09375
0 0.3626644736842105 0.30098684210526316 0.09703947368421052 0.10855263157894736
