0 0.6480263157894737 0.856907894736842 0.2631578947368421 0.27960526315789475
0 0.625 0.6414473684210525 0.2269736842105263 0.23355263157894735
0 0.7516447368421052 0.4259868421052631 0.13486842105263158 0.15460526315789472
0 0.6800986842105263 0.37088815789473684 0.09703947368421052 0.11348684210526315
0 0.42105263157894735 0.4120065789473684 0.1282894736842105 0.08717105263157894
0 0.46134868421052627 0.3289473684210526 0.12664473684210525 0.11842105263157894
0 0.19161184210526314 0.3996710526315789 0.10361842105263157 0.0625
0 0.12417763157894736 0.5526315789473684 0.22532894736842105 0.1907894736842105
0 0.14967105263157893 0.36348684210526316 0.09539473684210525 0.11184210526315788
0 0.20476973684210525 0.26809210526315785 0.08388157894736842 0.06578947368421052
0 0.14226973684210525 0.27960526315789475 0.05756578947368421 0.06578947368421052
