0 0.521875 0.5770833333333333 0.0625 0.16666666666666666
0 0.7328125000000001 0.9041666666666667 0.08750000000000001 0.125
0 0.57734375 0.9239583333333333 0.07968750000000001 0.13125
0 0.3609375 0.69375 0.078125 0.1125
0 0.24531250000000002 0.74375 0.084375 0.11666666666666667
0 0.1203125 0.809375 0.06875 0.11875
0 0.07187500000000001 0.39166666666666666 0.034375 0.06666666666666667
0 0.10703125000000001 0.41770833333333335 0.0421875 0.07291666666666667
0 0.43984375000000003 0.4552083333333333 0.035937500000000004 0.09375
0 0.40546875000000004 0.4354166666666667 0.035937500000000004 0.07083333333333333
0 0.484375 0.496875 0.040625 0.07291666666666667
