0 0.8158333333333334 0.8018372703412073 0.26166666666666666 0.3858267716535433
0 0.5116666666666667 0.7703412073490814 0.18666666666666668 0.3963254593175853
0 0.2525 0.6837270341207349 0.1716666666666667 0.4435695538057743
0 0.3166666666666667 0.526246719160105 0.12666666666666668 0.1758530183727034
0 0.12333333333333334 0.5997375328083989 0.1 0.22834645669291337
0 0.6483333333333334 0.6154855643044619 0.13 0.29133858267716534
0 0.8225 0.6233595800524935 0.07833333333333334 0.20734908136482938
0 0.8566666666666667 0.473753280839895 0.02666666666666667 0.11811023622047244
0 0.7075 0.5551181102362205 0.08833333333333333 0.18110236220472442
0 0.6675000000000001 0.47112860892388453 0.065 0.12335958005249344
0 0.5425 0.5196850393700787 0.07833333333333334 0.1942257217847769
0 0.5883333333333334 0.452755905511811 0.07333333333333333 0.13910761154855644
0 0.5008333333333334 0.43963254593175854 0.04833333333333334 0.11811023622047244
0 0.4691666666666667 0.515748031496063 0.07166666666666667 0.19160104986876642
0 0.4058333333333334 0.5275590551181102 0.10166666666666667 0.2047244094488189
0 0.37583333333333335 0.4448818897637795 0.06166666666666667 0.09711286089238845
0 0.3016666666666667 0.4409448818897638 0.08333333333333334 0.11023622047244094
0 0.21833333333333335 0.45144356955380577 0.10333333333333335 0.1784776902887139
0 0.155 0.4435695538057743 0.043333333333333335 0.10498687664041995
0 0.11333333333333334 0.49081364829396323 0.07666666666666667 0.15223097112860892
0 0.07916666666666668 0.452755905511811 0.08166666666666667 0.1548556430446194
