0 0.10986842105263157 0.5054446460980037 0.2013157894736842 0.5027223230490018
0 0.14407894736842106 0.20598911070780399 0.06710526315789474 0.161524500907441
0 0.2269736842105263 0.25680580762250454 0.05921052631578947 0.11070780399274047
0 0.2855263157894737 0.279491833030853 0.11578947368421053 0.18148820326678766
0 0.42236842105263156 0.4419237749546279 0.14210526315789473 0.39019963702359345
0 0.5427631578947368 0.29128856624319416 0.06973684210526315 0.15789473684210525
0 0.6348684210526315 0.3393829401088929 0.09868421052631579 0.21415607985480942
0 0.7467105263157895 0.31125226860254085 0.06710526315789474 0.19419237749546278
0 0.9171052631578948 0.40653357531760437 0.13421052631578947 0.33393829401088926
0 0.8289473684210527 0.24773139745916514 0.08421052631578947 0.25226860254083483
0 0.44013157894736843 0.24591651542649726 0.04078947368421053 0.09618874773139746
0 0.5164473684210527 0.24047186932849363 0.035526315789473684 0.0852994555353902
